15.550000 28.650000
14.900000 27.550000
14.450000 28.350000
14.150000 28.800000
13.750000 28.050000
13.350000 28.450000
13.000000 29.150000
13.450000 27.500000
13.600000 26.500000
12.800000 27.350000
12.400000 27.850000
12.300000 28.400000
12.200000 28.650000
13.400000 25.100000
12.950000 25.950000
12.900000 26.500000
11.850000 27.000000
11.350000 28.000000
11.150000 28.700000
11.250000 27.400000
10.750000 27.700000
10.500000 28.350000
9.650000 28.450000
10.250000 27.250000
10.750000 26.550000
11.700000 26.350000
11.600000 25.900000
11.900000 25.050000
12.600000 24.050000
11.900000 24.500000
11.100000 25.200000
10.550000 25.150000
10.050000 25.950000
9.350000 26.600000
9.300000 27.250000
9.200000 27.800000
7.500000 28.250000
8.550000 27.450000
8.500000 27.050000
8.050000 27.200000
7.850000 26.800000
7.300000 27.400000
6.800000 26.850000
7.000000 26.500000
7.550000 26.300000
8.550000 26.300000
9.000000 25.850000
8.600000 25.650000
9.400000 25.550000
8.450000 25.050000
8.850000 24.600000
9.650000 24.700000
10.550000 24.350000
11.050000 23.900000
10.550000 23.550000
9.450000 23.350000
9.200000 23.900000
8.350000 23.900000
7.350000 24.750000
7.400000 25.450000
6.600000 25.750000
6.100000 26.000000
5.800000 26.950000
5.650000 25.800000
5.300000 26.100000
6.400000 25.400000
5.400000 25.250000
5.350000 24.700000
4.800000 25.050000
4.200000 25.550000
6.400000 24.800000
6.550000 24.300000
7.400000 24.250000
5.450000 24.200000
4.300000 24.000000
4.000000 24.250000
3.350000 23.300000
4.850000 23.050000
4.300000 22.750000
5.850000 23.400000
5.900000 23.550000
7.550000 23.700000
6.850000 23.250000
7.650000 23.100000
6.950000 22.550000
6.100000 22.600000
5.500000 22.600000
4.700000 22.100000
3.800000 21.850000
4.650000 21.200000
4.150000 20.350000
5.300000 20.400000
5.600000 20.750000
5.800000 21.950000
6.400000 21.950000
6.550000 21.150000
7.450000 21.950000
7.400000 21.550000
7.750000 21.200000
7.650000 20.650000
6.950000 19.800000
6.600000 20.100000
6.050000 20.200000
5.400000 19.650000
5.350000 19.050000
5.800000 18.250000
6.300000 19.100000
7.000000 18.900000
7.150000 17.900000
7.350000 18.200000
8.200000 20.050000
8.300000 19.450000
8.300000 18.500000
8.750000 18.800000
9.050000 18.200000
9.350000 17.700000
8.900000 17.650000
8.450000 17.200000
10.050000 17.200000
10.400000 16.750000
8.600000 20.900000
8.650000 21.300000
8.650000 21.900000
8.650000 22.500000
8.950000 22.800000
9.950000 22.650000
8.950000 22.200000
9.650000 21.900000
10.550000 22.300000
10.900000 22.850000
11.350000 23.450000
12.050000 23.400000
12.300000 22.750000
11.700000 22.150000
11.150000 22.050000
10.850000 21.500000
10.850000 21.050000
9.600000 21.300000
9.850000 20.700000
9.350000 20.600000
9.250000 19.650000
9.950000 19.800000
10.700000 20.350000
11.300000 20.700000
12.350000 21.600000
13.100000 21.300000
12.850000 20.750000
12.000000 20.000000
11.000000 19.850000
10.350000 19.000000
9.900000 18.650000
10.600000 18.150000
11.400000 18.300000
11.400000 19.250000
12.350000 18.800000
12.800000 19.750000
12.150000 18.100000
11.050000 17.500000
11.950000 17.250000
12.250000 17.500000
13.050000 17.400000
13.750000 18.150000
13.500000 18.650000
13.650000 19.250000
14.000000 19.900000
15.200000 18.200000
15.500000 17.150000
13.900000 17.100000
13.750000 16.600000
12.150000 16.400000
7.800000 13.700000
8.850000 13.350000
9.000000 12.700000
9.700000 12.100000
8.050000 12.900000
7.700000 13.250000
6.800000 13.200000
6.600000 13.450000
6.200000 12.550000
5.400000 12.850000
5.700000 12.250000
5.200000 11.900000
5.150000 11.350000
5.850000 11.200000
6.100000 11.750000
7.000000 12.350000
7.050000 12.450000
7.900000 12.500000
8.550000 12.100000
7.850000 11.850000
7.100000 11.950000
6.900000 11.500000
6.850000 10.900000
6.400000 10.700000
5.900000 10.300000
6.400000 10.250000
7.050000 10.050000
7.350000 10.500000
7.650000 11.100000
8.100000 11.200000
8.800000 11.400000
8.300000 10.550000
9.000000 10.900000
9.350000 10.500000
10.150000 11.000000
10.400000 10.550000
10.900000 10.000000
11.550000 10.200000
11.750000 10.850000
10.100000 8.650000
11.050000 9.100000
11.850000 9.800000
12.850000 10.650000
12.900000 11.700000
13.600000 11.100000
14.050000 11.750000
14.500000 11.800000
14.300000 12.450000
17.000000 12.900000
15.800000 12.600000
15.850000 12.000000
16.700000 12.200000
16.250000 11.700000
15.550000 11.150000
14.800000 11.350000
14.450000 10.750000
13.750000 10.450000
12.800000 10.100000
13.150000 9.800000
12.450000 9.300000
11.800000 8.950000
11.100000 8.450000
10.350000 7.700000
10.100000 6.750000
11.300000 7.950000
12.350000 8.450000
13.100000 8.950000
13.200000 9.350000
14.100000 10.050000
11.500000 7.500000
11.350000 6.900000
11.950000 6.750000
12.400000 7.100000
12.250000 7.600000
12.950000 7.600000
13.450000 7.950000
13.350000 8.250000
13.750000 9.000000
14.300000 9.300000
14.850000 9.550000
15.100000 10.250000
15.450000 10.550000
16.350000 10.850000
16.750000 11.500000
16.250000 10.200000
15.400000 10.100000
15.450000 9.700000
15.150000 9.300000
15.250000 8.650000
15.550000 8.200000
14.250000 8.700000
14.250000 8.250000
15.050000 7.800000
14.300000 7.500000
13.550000 7.450000
14.300000 6.950000
13.950000 6.700000
13.050000 6.950000
13.050000 6.200000
11.550000 6.300000
10.800000 5.850000
10.600000 5.050000
11.350000 5.550000
12.150000 5.400000
12.400000 5.800000
12.800000 5.700000
13.650000 5.900000
13.900000 5.300000
13.100000 5.100000
12.550000 4.900000
11.500000 4.750000
11.350000 4.050000
12.400000 4.350000
11.750000 3.450000
12.650000 3.700000
13.400000 4.350000
13.900000 4.950000
12.750000 3.000000
13.550000 3.150000
13.700000 3.650000
14.100000 4.100000
14.650000 5.050000
14.350000 5.750000
14.500000 6.550000
15.150000 7.100000
13.600000 2.550000
14.450000 2.400000
14.600000 3.050000
15.000000 3.400000
15.250000 3.500000
14.700000 4.100000
14.700000 4.500000
15.250000 2.700000
15.650000 2.050000
15.950000 2.800000
16.100000 3.550000
15.900000 4.000000
15.600000 4.750000
15.550000 5.050000
15.350000 5.500000
15.150000 5.950000
15.500000 6.750000
15.700000 6.350000
16.200000 5.900000
16.350000 5.350000
16.200000 4.550000
16.550000 4.200000
16.950000 4.750000
17.050000 5.100000
17.300000 4.800000
17.300000 4.150000
17.600000 4.300000
17.050000 3.700000
17.250000 3.050000
16.650000 2.800000
16.550000 2.150000
17.200000 2.050000
18.150000 1.950000
18.050000 2.450000
18.150000 3.050000
18.600000 3.450000
18.400000 3.600000
18.850000 3.200000
19.100000 2.650000
19.450000 2.650000
19.000000 2.100000
19.900000 2.050000
20.450000 2.800000
19.800000 3.250000
19.450000 3.900000
18.650000 4.200000
18.400000 4.600000
18.650000 4.750000
18.750000 5.150000
19.100000 4.550000
17.900000 5.400000
17.650000 5.700000
17.050000 6.050000
17.400000 6.500000
16.600000 6.850000
15.700000 7.150000
15.750000 7.750000
16.600000 7.950000
20.400000 3.400000
20.700000 3.450000
21.150000 2.850000
21.750000 2.650000
22.000000 3.250000
22.200000 3.500000
21.450000 3.750000
21.100000 4.050000
20.150000 4.300000
20.800000 4.700000
20.700000 5.150000
19.750000 5.050000
19.850000 5.500000
20.400000 5.650000
20.550000 5.750000
18.700000 5.750000
19.250000 5.950000
18.400000 6.000000
18.450000 6.600000
17.650000 7.050000
16.700000 7.400000
18.650000 7.300000
18.050000 7.350000
17.850000 7.750000
17.500000 8.250000
17.150000 8.600000
17.050000 9.000000
16.400000 8.700000
16.050000 8.950000
16.050000 9.600000
16.500000 9.750000
17.250000 9.600000
17.600000 9.900000
17.800000 9.300000
18.000000 8.550000
18.800000 8.100000
18.800000 8.350000
19.400000 7.600000
19.250000 6.600000
20.050000 6.950000
19.800000 7.500000
20.050000 6.350000
21.150000 5.700000
21.650000 4.850000
22.150000 4.350000
23.050000 3.350000
23.050000 3.800000
23.150000 4.400000
22.500000 4.750000
22.150000 5.200000
24.150000 4.550000
23.500000 5.050000
23.100000 5.300000
23.000000 5.750000
22.200000 5.750000
21.850000 6.200000
20.750000 6.550000
21.000000 7.150000
20.750000 7.650000
20.000000 8.200000
19.500000 8.650000
18.850000 9.050000
18.750000 9.550000
18.600000 10.000000
16.950000 10.350000
17.350000 10.850000
18.000000 10.650000
18.500000 10.550000
18.100000 11.100000
17.550000 11.300000
17.950000 11.900000
18.300000 12.000000
18.000000 12.500000
19.000000 11.650000
19.500000 11.050000
19.450000 10.550000
19.400000 9.650000
20.100000 9.400000
20.050000 9.950000
20.050000 10.200000
19.350000 12.200000
19.200000 12.250000
20.050000 11.600000
20.600000 11.150000
20.700000 10.650000
21.300000 11.650000
21.800000 11.150000
21.850000 10.700000
21.650000 10.050000
20.950000 10.200000
20.900000 9.700000
21.650000 9.450000
21.200000 9.250000
20.750000 8.750000
20.550000 8.750000
21.100000 8.000000
21.650000 8.650000
21.750000 8.200000
21.950000 7.550000
22.000000 6.750000
22.800000 6.450000
22.650000 6.650000
22.750000 7.050000
23.000000 7.350000
22.550000 7.900000
22.200000 8.700000
22.900000 8.450000
22.350000 9.200000
22.750000 9.350000
22.400000 10.050000
23.050000 10.900000
23.300000 9.850000
23.950000 9.800000
23.650000 9.100000
23.700000 8.850000
24.250000 8.250000
24.850000 7.950000
23.500000 7.850000
23.850000 7.350000
23.950000 6.900000
23.650000 6.500000
23.600000 5.700000
24.300000 5.650000
24.800000 6.400000
34.050000 3.500000
33.050000 3.850000
32.000000 3.800000
31.900000 4.400000
31.050000 4.750000
30.400000 5.650000
30.750000 6.100000
30.000000 6.700000
30.100000 7.400000
29.500000 8.150000
30.750000 8.000000
30.850000 7.350000
31.500000 6.750000
31.750000 5.950000
32.350000 6.450000
32.800000 6.000000
32.050000 5.100000
32.800000 4.800000
32.650000 4.400000
33.650000 4.600000
33.050000 5.150000
33.600000 5.450000
34.500000 5.050000
34.900000 4.650000
35.450000 4.100000
34.600000 4.050000
34.200000 4.200000
36.300000 5.200000
35.550000 5.350000
35.950000 6.050000
34.800000 5.850000
33.700000 6.150000
33.950000 6.600000
33.700000 7.050000
32.750000 7.100000
32.300000 7.650000
33.000000 7.900000
31.950000 8.150000
31.150000 8.650000
30.350000 8.850000
29.850000 9.000000
30.700000 9.150000
29.700000 9.900000
30.450000 9.950000
30.950000 9.850000
31.800000 9.450000
32.450000 8.800000
33.550000 8.600000
34.350000 7.700000
34.700000 8.000000
34.600000 7.250000
35.000000 6.800000
35.500000 7.350000
36.100000 7.500000
36.550000 7.000000
36.000000 8.200000
35.350000 8.050000
36.550000 8.650000
36.400000 9.100000
35.500000 9.100000
34.550000 8.850000
35.250000 9.400000
34.400000 9.500000
33.500000 9.300000
33.850000 9.800000
32.500000 9.650000
32.300000 10.250000
33.300000 10.300000
31.600000 10.500000
30.600000 10.500000
30.400000 11.100000
30.900000 11.450000
30.700000 11.650000
30.400000 12.050000
31.200000 12.000000
31.950000 11.350000
31.650000 11.050000
32.950000 11.150000
32.650000 11.700000
32.250000 12.250000
32.050000 12.250000
31.300000 12.700000
31.950000 12.950000
32.750000 13.100000
33.150000 13.200000
33.100000 12.750000
33.150000 12.100000
34.300000 11.750000
34.000000 10.850000
34.650000 11.000000
34.800000 10.100000
35.650000 9.850000
36.350000 10.000000
35.550000 10.750000
35.800000 11.550000
35.200000 11.750000
34.700000 11.750000
34.950000 12.750000
34.050000 12.550000
34.050000 13.050000
33.250000 13.700000
33.200000 14.150000
33.250000 14.700000
33.000000 15.150000
32.950000 15.650000
32.600000 16.150000
32.450000 16.750000
32.650000 17.050000
32.750000 17.300000
31.750000 17.200000
31.700000 17.650000
31.000000 17.500000
31.150000 17.900000
30.450000 18.050000
30.050000 18.800000
30.550000 18.800000
30.500000 19.300000
30.250000 19.400000
29.600000 19.850000
29.150000 20.550000
30.250000 20.450000
30.700000 20.050000
31.000000 19.900000
31.550000 19.650000
31.500000 18.550000
32.050000 18.600000
31.950000 19.100000
32.600000 18.350000
32.850000 17.950000
33.450000 17.450000
33.700000 17.000000
34.250000 17.350000
34.300000 18.050000
33.850000 18.400000
33.050000 18.850000
33.250000 18.950000
32.800000 19.150000
32.300000 19.850000
32.800000 20.000000
31.750000 20.250000
31.750000 20.750000
32.100000 21.150000
31.550000 21.600000
30.650000 21.300000
29.950000 21.600000
29.500000 21.600000
30.350000 22.050000
31.050000 22.000000
31.550000 22.200000
30.950000 22.650000
30.300000 23.100000
29.600000 23.150000
29.350000 22.550000
29.200000 23.850000
30.750000 24.000000
30.950000 24.150000
31.450000 23.700000
31.950000 23.150000
32.550000 22.050000
32.600000 22.550000
33.250000 22.250000
33.650000 21.900000
33.500000 21.300000
33.100000 20.750000
33.800000 20.400000
33.850000 20.000000
34.150000 19.300000
34.850000 18.850000
35.300000 18.550000
35.400000 19.350000
34.550000 19.750000
35.050000 20.000000
35.950000 19.850000
36.350000 20.600000
35.500000 20.550000
34.450000 20.650000
34.400000 21.250000
35.000000 21.050000
35.750000 21.300000
35.050000 21.500000
34.600000 22.050000
34.200000 21.750000
36.250000 21.950000
35.700000 22.300000
35.500000 22.900000
35.850000 23.250000
36.300000 23.800000
35.450000 24.100000
34.900000 23.500000
34.200000 22.900000
33.850000 23.300000
33.250000 23.350000
32.450000 23.700000
33.600000 23.900000
34.250000 23.950000
34.250000 24.100000
35.400000 24.700000
35.150000 25.300000
34.400000 24.900000
33.700000 24.850000
32.250000 24.450000
32.500000 24.700000
31.450000 24.450000
31.550000 25.200000
31.050000 25.000000
30.250000 24.300000
29.800000 24.800000
29.600000 25.500000
29.700000 26.050000
30.500000 25.500000
30.650000 26.000000
31.250000 26.050000
31.450000 26.950000
30.750000 26.900000
30.650000 27.150000
31.250000 27.850000
31.850000 27.750000
32.700000 28.200000
33.250000 27.550000
32.400000 27.100000
32.150000 26.650000
32.350000 25.950000
32.950000 25.500000
33.850000 26.050000
33.050000 26.500000
33.650000 27.000000
34.100000 27.350000
34.200000 27.950000
34.650000 26.850000
35.250000 26.000000
35.700000 26.150000
34.400000 25.600000
21.300000 20.800000
20.150000 20.900000
19.200000 21.350000
19.100000 21.850000
18.450000 22.800000
18.750000 22.950000
19.400000 23.000000
19.550000 22.250000
19.800000 21.850000
20.500000 21.850000
21.450000 21.450000
21.700000 21.900000
21.400000 22.300000
21.000000 22.600000
21.150000 22.950000
20.500000 22.850000
19.750000 23.650000
19.200000 23.700000
18.450000 24.350000
20.650000 23.850000
20.650000 24.300000
19.700000 24.600000
20.150000 25.050000
22.150000 25.100000
21.600000 24.650000
21.700000 23.800000
21.900000 23.650000
22.550000 23.500000
22.550000 24.300000
23.300000 24.450000
24.250000 24.350000
23.800000 25.250000
23.400000 23.800000
22.900000 23.200000
22.300000 22.800000
22.200000 22.400000
23.100000 21.700000
22.850000 21.900000
22.650000 21.100000
23.150000 22.600000
24.100000 21.900000
24.700000 22.200000
24.300000 22.600000
24.150000 23.300000
23.900000 23.450000
5.200000 2.150000
6.350000 1.950000
6.750000 2.300000
5.900000 2.400000
5.400000 2.700000
4.850000 2.900000
4.850000 3.350000
5.150000 3.450000
5.700000 3.450000
6.200000 3.000000
6.200000 3.200000
7.650000 2.150000
7.200000 2.750000
6.750000 3.200000
6.750000 3.550000
6.650000 3.800000
5.800000 4.000000
4.950000 4.050000
5.100000 4.350000
5.700000 4.450000
5.450000 4.850000
6.700000 4.800000
6.550000 5.050000
7.200000 4.900000
6.200000 4.250000
7.100000 4.300000
7.850000 4.500000
7.600000 4.150000
7.250000 3.550000
7.800000 3.350000
8.050000 2.750000
8.500000 3.250000
8.100000 3.550000
8.150000 4.000000
